1 F
2 F
3 T
4 F
5 F
6 F
7 F
8 F
9 F
10 F
11 F
12 T
13 F
14 F
15 F
16 F
17 F
18 T
19 F
20 T
21 F
22 F
23 T
24 F
25 T
26 T
27 T
28 F
0
1 Jump(1,2,3,1)
2 Jump(1,2,3,2)
3 Jump(3,2,1,1)
4 Jump(3,2,1,2)
5 Jump(2,3,4,1)
6 Jump(2,3,4,2)
7 Jump(4,3,2,1)
8 Jump(4,3,2,2)
9 Jump(3,4,1,1)
10 Jump(3,4,1,2)
11 Jump(1,4,3,1)
12 Jump(1,4,3,2)
13 Jump(4,1,2,1)
14 Jump(4,1,2,2)
15 Jump(2,1,4,1)
16 Jump(2,1,4,2)
17 Peg(1,1)
18 Peg(1,2)
19 Peg(1,3)
20 Peg(2,1)
21 Peg(2,2)
22 Peg(2,3)
23 Peg(3,1)
24 Peg(3,2)
25 Peg(3,3)
26 Peg(4,1)
27 Peg(4,2)
28 Peg(4,3)